
           ####    G N O M   ---   Version 4.5a revised 09/02/02     ####

                                                  Fri Oct 11 06:51:57 2013
           ===    Run No   1   ===
 Run title:  X13_G2_20V35_G2_2561.dat;


  Number of points omitted at the beginning:           4
  Number of points omitted at the end:         328
   *******   Working Directory :
   *******    Input file(s) : /data/pilatus1M/Cycle_2013_3/Law_7085/1p
           Condition P(rmin) = 0 is used. 
           Condition P(rmax) = 0 is used. 

          Experimental conditions for the first run
          -----------------------------------------

          Highest ALPHA is found to be   0.1811E+02

  The measure of inconsistency AN1 equals to    0.6447E+00
     Alpha    Discrp  Oscill  Stabil  Sysdev  Positv  Valcen    Total   
  0.1811E+05 24.6860  1.2145  0.9556  0.0000  1.0000  0.8536  0.00001
  0.3621E+04 21.7097  1.2164  0.8384  0.0000  1.0000  0.8533  0.00001
  0.7242E+03 13.6347  1.2252  0.5162  0.0000  1.0000  0.8515  0.00001
  0.1448E+03  5.1451  1.2572  0.1686  0.5000  1.0000  0.8456  0.00001
  0.2897E+02  1.8017  1.3280  0.0632  0.7813  1.0000  0.8347  0.48994
  0.5794E+01  1.0224  1.3910  0.0270  0.9531  1.0000  0.8267  0.71722
  0.1159E+01  0.9392  1.4163  0.0116  1.0000  1.0000  0.8240  0.68033
  0.2318E+00  0.9318  1.4278  0.0064  0.9531  1.0000  0.8233  0.10000
  0.4635E-01  0.9310  1.4352  0.0058  1.0156  1.0000  0.8231  0.10000
  0.9270E-02  0.9304  1.4739  0.0263  1.0156  1.0000  0.8227  0.10000
  0.1854E-02  0.9284  2.0245  0.0978  1.0156  1.0000  0.8196  0.10000
  0.3708E-03  0.9247  4.2614  0.1609  0.9844  0.9952  0.8015  0.10000
  0.7416E-04  0.9229  6.2842  0.0829  1.0313  0.9805  0.7740  0.10000
  0.1483E-04  0.9226  7.4694  0.1722  1.0313  0.9660  0.7575  0.10000
  0.2966E-05  0.9224  9.3241  0.2520  1.0313  0.9395  0.6740  0.10000
  0.5933E-06  0.9224 10.1378  0.3896  1.0313  0.9178  0.5110  0.10000
  0.1187E-06  0.9223 11.0840  0.6529  1.0313  0.8448  0.4529  0.10000
  0.2373E-07  0.9221 11.9608  0.6010  1.0313  0.7705  0.4105  0.10000
  0.4746E-08  0.9219 13.7880  0.7701  1.0156  0.7451  0.4078  0.10000
  0.9493E-09  0.9208 15.9311  0.8093  0.9844  0.7384  0.3970  0.10000
  0.1899E-09  0.9180 18.5061  0.6483  0.9844  0.7429  0.4267  0.10000
  0.3797E-10  0.9108 24.1621  0.8384  0.9844  0.7252  0.4546  0.10000
  0.7594E-11  0.8856 26.6181  0.8290  1.0156  0.7168  0.3785  0.10000
  0.1519E-11  0.8207 28.5726  0.6503  0.9844  0.7086  0.3226  0.10000
  0.3038E-12  0.7110 32.9636  0.5686  1.0000  0.6907  0.3333  0.10000
  0.6075E-13  0.5340 38.6286  0.5195  1.0313  0.6800  0.2787  0.10000
  0.1215E-13  0.3207 42.2840  0.3655  1.0313  0.6872  0.2688  0.10000
  0.2430E-14  0.1728 44.2207  0.2845  0.9531  0.6892  0.3663  0.10000
  0.4860E-15  0.0986 44.7395  0.3127  1.0156  0.7193  0.4222  0.10000
  0.9720E-16  0.0442 44.9551  0.2539  1.0156  0.7603  0.3681  0.10000
  0.1944E-16  0.0125 44.6455  0.0916  1.0156  0.7607  0.3163  0.00000

          ***  Golden section search to maximize estimate ***
     Alpha    Discrp  Oscill  Stabil  Sysdev  Positv  Valcen    Total   
  0.3133E+01  0.9661  1.4038  0.0180  1.0313  1.0000  0.8253  0.70747
  0.7327E+01  1.0628  1.3846  0.0316  0.9531  1.0000  0.8275  0.71708
  0.4581E+01  0.9943  1.3966  0.0230  1.0156  1.0000  0.8261  0.71486
  0.6337E+01  1.0362  1.3887  0.0287  0.9531  1.0000  0.8270  0.71751
  0.6699E+01  1.0457  1.3872  0.0297  0.9531  1.0000  0.8272  0.71748
  0.6124E+01  1.0307  1.3896  0.0280  0.9531  1.0000  0.8269  0.71744
  0.6473E+01  1.0397  1.3881  0.0291  0.9531  1.0000  0.8271  0.71752
  0.6558E+01  1.0420  1.3878  0.0293  0.9531  1.0000  0.8271  0.71751
  0.6421E+01  1.0384  1.3884  0.0289  0.9531  1.0000  0.8270  0.71752
  0.6506E+01  1.0406  1.3880  0.0292  0.9531  1.0000  0.8271  0.71752
  0.6453E+01  1.0392  1.3882  0.0290  0.9531  1.0000  0.8271  0.71752
  0.6441E+01  1.0389  1.3883  0.0290  0.9531  1.0000  0.8271  0.71752
  0.6461E+01  1.0394  1.3882  0.0290  0.9531  1.0000  0.8271  0.71752
  0.6461E+01  1.0394  1.3882  0.0290  0.9531  1.0000  0.8271  0.71752



             ####            Final results            ####

 Parameter    DISCRP    OSCILL    STABIL    SYSDEV    POSITV    VALCEN
 Weight        1.000     3.000     3.000     4.000     1.000     1.000
 Sigma         0.500     0.600     0.120     0.200     0.120     0.120
 Ideal         1.000     1.100     0.000     1.000     1.000     0.950
 Current       1.039     1.388     0.029     0.953     1.000     0.827
                - - - - - - - - - - - - - - - - - - - - - - - - - 
 Estimate      0.994     0.794     0.943     1.000     1.000     0.350

  Angular   range    :     from    0.0136   to    0.1794
  Real space range   :     from      0.00   to    156.60

  Highest ALPHA (theor) :   0.181E+05                 JOB = 0
  Current ALPHA         :   0.646E+01   Rg :  0.459E+02   I(0) :   0.153E-01

           Total  estimate : 0.718  which is  A REASONABLE  solution

      S          J EXP       ERROR       J REG       I REG

  0.0000E+00                                      0.1533E-01
  0.1360E-02                                      0.1531E-01
  0.2721E-02                                      0.1525E-01
  0.4081E-02                                      0.1515E-01
  0.5442E-02                                      0.1501E-01
  0.6802E-02                                      0.1484E-01
  0.8163E-02                                      0.1462E-01
  0.9523E-02                                      0.1438E-01
  0.1088E-01                                      0.1410E-01
  0.1224E-01                                      0.1380E-01
  0.1360E-01  0.1346E-01  0.3158E-03  0.1347E-01  0.1347E-01
  0.1490E-01  0.1342E-01  0.2643E-03  0.1313E-01  0.1313E-01
  0.1620E-01  0.1301E-01  0.2427E-03  0.1278E-01  0.1278E-01
  0.1749E-01  0.1210E-01  0.2274E-03  0.1241E-01  0.1241E-01
  0.1879E-01  0.1234E-01  0.2197E-03  0.1202E-01  0.1202E-01
  0.2008E-01  0.1192E-01  0.2069E-03  0.1163E-01  0.1163E-01
  0.2138E-01  0.1128E-01  0.1970E-03  0.1123E-01  0.1123E-01
  0.2267E-01  0.1068E-01  0.2206E-03  0.1082E-01  0.1082E-01
  0.2397E-01  0.9864E-02  0.1865E-03  0.1041E-01  0.1041E-01
  0.2527E-01  0.1013E-01  0.1837E-03  0.1001E-01  0.1001E-01
  0.2656E-01  0.9561E-02  0.1853E-03  0.9598E-02  0.9598E-02
  0.2786E-01  0.9255E-02  0.1816E-03  0.9196E-02  0.9196E-02
  0.2915E-01  0.8802E-02  0.1809E-03  0.8799E-02  0.8799E-02
  0.3045E-01  0.8267E-02  0.1683E-03  0.8410E-02  0.8410E-02
  0.3174E-01  0.8242E-02  0.1609E-03  0.8030E-02  0.8030E-02
  0.3304E-01  0.7678E-02  0.1513E-03  0.7661E-02  0.7661E-02
  0.3434E-01  0.7439E-02  0.1539E-03  0.7304E-02  0.7304E-02
  0.3563E-01  0.7187E-02  0.1455E-03  0.6960E-02  0.6960E-02
  0.3693E-01  0.6860E-02  0.1437E-03  0.6628E-02  0.6628E-02
  0.3822E-01  0.6564E-02  0.1413E-03  0.6311E-02  0.6311E-02
  0.3952E-01  0.6491E-02  0.1367E-03  0.6008E-02  0.6008E-02
  0.4081E-01  0.5985E-02  0.1396E-03  0.5718E-02  0.5718E-02
  0.4211E-01  0.5667E-02  0.1388E-03  0.5444E-02  0.5444E-02
  0.4340E-01  0.5383E-02  0.1438E-03  0.5183E-02  0.5183E-02
  0.4470E-01  0.5021E-02  0.1434E-03  0.4936E-02  0.4936E-02
  0.4600E-01  0.4844E-02  0.1425E-03  0.4702E-02  0.4702E-02
  0.4729E-01  0.4455E-02  0.1341E-03  0.4482E-02  0.4482E-02
  0.4859E-01  0.4203E-02  0.1330E-03  0.4273E-02  0.4273E-02
  0.4988E-01  0.4196E-02  0.1327E-03  0.4077E-02  0.4077E-02
  0.5118E-01  0.3924E-02  0.1336E-03  0.3891E-02  0.3891E-02
  0.5247E-01  0.3847E-02  0.1270E-03  0.3716E-02  0.3716E-02
  0.5377E-01  0.3747E-02  0.1221E-03  0.3551E-02  0.3551E-02
  0.5506E-01  0.3292E-02  0.1165E-03  0.3395E-02  0.3395E-02
  0.5636E-01  0.3411E-02  0.1125E-03  0.3248E-02  0.3248E-02
  0.5766E-01  0.3141E-02  0.1132E-03  0.3108E-02  0.3108E-02
  0.5895E-01  0.3163E-02  0.1122E-03  0.2976E-02  0.2976E-02
  0.6025E-01  0.3210E-02  0.1106E-03  0.2851E-02  0.2851E-02
  0.6154E-01  0.2810E-02  0.1091E-03  0.2732E-02  0.2732E-02
  0.6284E-01  0.2728E-02  0.1085E-03  0.2618E-02  0.2618E-02
  0.6413E-01  0.2525E-02  0.1064E-03  0.2511E-02  0.2511E-02
  0.6543E-01  0.2337E-02  0.1045E-03  0.2408E-02  0.2408E-02
  0.6672E-01  0.2471E-02  0.1034E-03  0.2310E-02  0.2310E-02
  0.6802E-01  0.2010E-02  0.1000E-03  0.2217E-02  0.2217E-02
  0.6932E-01  0.2096E-02  0.1028E-03  0.2128E-02  0.2128E-02
  0.7061E-01  0.2026E-02  0.9905E-04  0.2043E-02  0.2043E-02
  0.7191E-01  0.1887E-02  0.9506E-04  0.1962E-02  0.1962E-02
  0.7320E-01  0.2041E-02  0.9503E-04  0.1885E-02  0.1885E-02
  0.7450E-01  0.1609E-02  0.9562E-04  0.1812E-02  0.1812E-02
  0.7579E-01  0.1679E-02  0.9543E-04  0.1742E-02  0.1742E-02
  0.7709E-01  0.1767E-02  0.9261E-04  0.1676E-02  0.1676E-02
  0.7838E-01  0.1515E-02  0.9174E-04  0.1613E-02  0.1613E-02
  0.7968E-01  0.1500E-02  0.9101E-04  0.1553E-02  0.1553E-02
  0.8097E-01  0.1609E-02  0.9024E-04  0.1496E-02  0.1496E-02
  0.8227E-01  0.1544E-02  0.9081E-04  0.1442E-02  0.1442E-02
  0.8357E-01  0.1409E-02  0.8821E-04  0.1391E-02  0.1391E-02
  0.8486E-01  0.1263E-02  0.8907E-04  0.1343E-02  0.1343E-02
  0.8616E-01  0.1312E-02  0.9045E-04  0.1298E-02  0.1298E-02
  0.8745E-01  0.1224E-02  0.8999E-04  0.1255E-02  0.1255E-02
  0.8875E-01  0.1151E-02  0.8988E-04  0.1214E-02  0.1214E-02
  0.9004E-01  0.1167E-02  0.8968E-04  0.1176E-02  0.1176E-02
  0.9134E-01  0.1146E-02  0.8950E-04  0.1139E-02  0.1139E-02
  0.9263E-01  0.1291E-02  0.8952E-04  0.1105E-02  0.1105E-02
  0.9393E-01  0.1087E-02  0.8754E-04  0.1072E-02  0.1072E-02
  0.9522E-01  0.1065E-02  0.8838E-04  0.1041E-02  0.1041E-02
  0.9652E-01  0.9610E-03  0.8711E-04  0.1011E-02  0.1011E-02
  0.9781E-01  0.8768E-03  0.8654E-04  0.9828E-03  0.9828E-03
  0.9911E-01  0.8961E-03  0.8376E-04  0.9556E-03  0.9556E-03
  0.1004E+00  0.9991E-03  0.8212E-04  0.9295E-03  0.9295E-03
  0.1017E+00  0.8010E-03  0.8200E-04  0.9043E-03  0.9043E-03
  0.1030E+00  0.8920E-03  0.8121E-04  0.8800E-03  0.8800E-03
  0.1043E+00  0.9362E-03  0.8022E-04  0.8565E-03  0.8565E-03
  0.1056E+00  0.8982E-03  0.8112E-04  0.8337E-03  0.8337E-03
  0.1069E+00  0.7397E-03  0.7772E-04  0.8116E-03  0.8116E-03
  0.1082E+00  0.8194E-03  0.7788E-04  0.7902E-03  0.7902E-03
  0.1095E+00  0.7457E-03  0.7745E-04  0.7693E-03  0.7693E-03
  0.1108E+00  0.8544E-03  0.7669E-04  0.7490E-03  0.7490E-03
  0.1121E+00  0.7047E-03  0.7654E-04  0.7293E-03  0.7293E-03
  0.1134E+00  0.6385E-03  0.7652E-04  0.7102E-03  0.7102E-03
  0.1147E+00  0.4847E-03  0.7588E-04  0.6917E-03  0.6917E-03
  0.1159E+00  0.7499E-03  0.7319E-04  0.6737E-03  0.6737E-03
  0.1172E+00  0.7264E-03  0.7375E-04  0.6564E-03  0.6564E-03
  0.1185E+00  0.5801E-03  0.7321E-04  0.6396E-03  0.6396E-03
  0.1198E+00  0.5965E-03  0.7330E-04  0.6235E-03  0.6235E-03
  0.1211E+00  0.4899E-03  0.7347E-04  0.6080E-03  0.6080E-03
  0.1224E+00  0.4922E-03  0.7229E-04  0.5931E-03  0.5931E-03
  0.1237E+00  0.5605E-03  0.7178E-04  0.5788E-03  0.5788E-03
  0.1250E+00  0.6303E-03  0.7246E-04  0.5652E-03  0.5652E-03
  0.1263E+00  0.4659E-03  0.7119E-04  0.5522E-03  0.5522E-03
  0.1276E+00  0.5669E-03  0.7143E-04  0.5398E-03  0.5398E-03
  0.1289E+00  0.6167E-03  0.7078E-04  0.5279E-03  0.5279E-03
  0.1302E+00  0.4181E-03  0.7018E-04  0.5167E-03  0.5167E-03
  0.1315E+00  0.5733E-03  0.6933E-04  0.5059E-03  0.5059E-03
  0.1328E+00  0.3832E-03  0.6960E-04  0.4956E-03  0.4956E-03
  0.1341E+00  0.5103E-03  0.6923E-04  0.4858E-03  0.4858E-03
  0.1354E+00  0.6914E-03  0.6903E-04  0.4764E-03  0.4764E-03
  0.1367E+00  0.3220E-03  0.6754E-04  0.4674E-03  0.4674E-03
  0.1380E+00  0.4172E-03  0.6879E-04  0.4587E-03  0.4587E-03
  0.1393E+00  0.4727E-03  0.6955E-04  0.4503E-03  0.4503E-03
  0.1405E+00  0.3770E-03  0.6705E-04  0.4422E-03  0.4422E-03
  0.1418E+00  0.3439E-03  0.6688E-04  0.4343E-03  0.4343E-03
  0.1431E+00  0.5374E-03  0.6645E-04  0.4266E-03  0.4266E-03
  0.1444E+00  0.2473E-03  0.6640E-04  0.4191E-03  0.4191E-03
  0.1457E+00  0.2459E-03  0.6697E-04  0.4117E-03  0.4117E-03
  0.1470E+00  0.3977E-03  0.6522E-04  0.4045E-03  0.4045E-03
  0.1483E+00  0.4361E-03  0.6409E-04  0.3973E-03  0.3973E-03
  0.1496E+00  0.4721E-03  0.6460E-04  0.3903E-03  0.3903E-03
  0.1509E+00  0.4434E-03  0.6577E-04  0.3834E-03  0.3834E-03
  0.1522E+00  0.4554E-03  0.6399E-04  0.3765E-03  0.3765E-03
  0.1535E+00  0.4310E-03  0.6471E-04  0.3698E-03  0.3698E-03
  0.1548E+00  0.3517E-03  0.6447E-04  0.3632E-03  0.3632E-03
  0.1561E+00  0.3635E-03  0.6657E-04  0.3567E-03  0.3567E-03
  0.1574E+00  0.3443E-03  0.6324E-04  0.3503E-03  0.3503E-03
  0.1587E+00  0.2726E-03  0.6207E-04  0.3441E-03  0.3441E-03
  0.1600E+00  0.2953E-03  0.6320E-04  0.3380E-03  0.3380E-03
  0.1613E+00  0.4108E-03  0.6263E-04  0.3321E-03  0.3321E-03
  0.1626E+00  0.3725E-03  0.6201E-04  0.3263E-03  0.3263E-03
  0.1639E+00  0.2428E-03  0.6220E-04  0.3207E-03  0.3207E-03
  0.1651E+00  0.2572E-03  0.6051E-04  0.3153E-03  0.3153E-03
  0.1664E+00  0.2184E-03  0.6096E-04  0.3101E-03  0.3101E-03
  0.1677E+00  0.2500E-03  0.6023E-04  0.3051E-03  0.3051E-03
  0.1690E+00  0.3349E-03  0.6039E-04  0.3002E-03  0.3002E-03
  0.1703E+00  0.4013E-03  0.6041E-04  0.2955E-03  0.2955E-03
  0.1716E+00  0.2251E-03  0.5943E-04  0.2910E-03  0.2910E-03
  0.1729E+00  0.3032E-03  0.5895E-04  0.2867E-03  0.2867E-03
  0.1742E+00  0.1859E-03  0.5856E-04  0.2825E-03  0.2825E-03
  0.1755E+00  0.3172E-03  0.5826E-04  0.2785E-03  0.2785E-03
  0.1768E+00  0.2713E-03  0.5907E-04  0.2746E-03  0.2746E-03
  0.1781E+00  0.2933E-03  0.5933E-04  0.2708E-03  0.2708E-03
  0.1794E+00  0.2943E-03  0.5875E-04  0.2672E-03  0.2672E-03

           Distance distribution  function of particle  


       R          P(R)      ERROR

  0.0000E+00  0.0000E+00  0.0000E+00
  0.1740E+01  0.1191E-05  0.2029E-07
  0.3480E+01  0.2359E-05  0.3404E-07
  0.5220E+01  0.3502E-05  0.4185E-07
  0.6960E+01  0.4620E-05  0.4471E-07
  0.8700E+01  0.5707E-05  0.4403E-07
  0.1044E+02  0.6761E-05  0.4172E-07
  0.1218E+02  0.7777E-05  0.4016E-07
  0.1392E+02  0.8750E-05  0.4152E-07
  0.1566E+02  0.9675E-05  0.4642E-07
  0.1740E+02  0.1055E-04  0.5371E-07
  0.1914E+02  0.1136E-04  0.6172E-07
  0.2088E+02  0.1212E-04  0.6917E-07
  0.2262E+02  0.1281E-04  0.7524E-07
  0.2436E+02  0.1343E-04  0.7961E-07
  0.2610E+02  0.1398E-04  0.8230E-07
  0.2784E+02  0.1446E-04  0.8363E-07
  0.2958E+02  0.1487E-04  0.8412E-07
  0.3132E+02  0.1521E-04  0.8443E-07
  0.3306E+02  0.1548E-04  0.8516E-07
  0.3480E+02  0.1568E-04  0.8675E-07
  0.3654E+02  0.1582E-04  0.8934E-07
  0.3828E+02  0.1590E-04  0.9280E-07
  0.4002E+02  0.1592E-04  0.9683E-07
  0.4176E+02  0.1588E-04  0.1010E-06
  0.4350E+02  0.1580E-04  0.1050E-06
  0.4524E+02  0.1567E-04  0.1086E-06
  0.4698E+02  0.1551E-04  0.1116E-06
  0.4872E+02  0.1531E-04  0.1139E-06
  0.5046E+02  0.1508E-04  0.1156E-06
  0.5220E+02  0.1482E-04  0.1168E-06
  0.5394E+02  0.1453E-04  0.1177E-06
  0.5568E+02  0.1423E-04  0.1183E-06
  0.5742E+02  0.1391E-04  0.1189E-06
  0.5916E+02  0.1357E-04  0.1196E-06
  0.6090E+02  0.1323E-04  0.1207E-06
  0.6264E+02  0.1287E-04  0.1222E-06
  0.6438E+02  0.1250E-04  0.1243E-06
  0.6612E+02  0.1213E-04  0.1269E-06
  0.6786E+02  0.1176E-04  0.1300E-06
  0.6960E+02  0.1138E-04  0.1334E-06
  0.7134E+02  0.1100E-04  0.1368E-06
  0.7308E+02  0.1062E-04  0.1402E-06
  0.7482E+02  0.1024E-04  0.1431E-06
  0.7656E+02  0.9862E-05  0.1455E-06
  0.7830E+02  0.9487E-05  0.1473E-06
  0.8004E+02  0.9116E-05  0.1485E-06
  0.8178E+02  0.8750E-05  0.1490E-06
  0.8352E+02  0.8390E-05  0.1491E-06
  0.8526E+02  0.8036E-05  0.1488E-06
  0.8700E+02  0.7689E-05  0.1485E-06
  0.8874E+02  0.7349E-05  0.1483E-06
  0.9048E+02  0.7018E-05  0.1483E-06
  0.9222E+02  0.6695E-05  0.1487E-06
  0.9396E+02  0.6381E-05  0.1497E-06
  0.9570E+02  0.6076E-05  0.1512E-06
  0.9744E+02  0.5781E-05  0.1534E-06
  0.9918E+02  0.5496E-05  0.1561E-06
  0.1009E+03  0.5222E-05  0.1594E-06
  0.1027E+03  0.4957E-05  0.1632E-06
  0.1044E+03  0.4704E-05  0.1673E-06
  0.1061E+03  0.4461E-05  0.1715E-06
  0.1079E+03  0.4229E-05  0.1759E-06
  0.1096E+03  0.4008E-05  0.1802E-06
  0.1114E+03  0.3797E-05  0.1843E-06
  0.1131E+03  0.3598E-05  0.1881E-06
  0.1148E+03  0.3408E-05  0.1915E-06
  0.1166E+03  0.3228E-05  0.1944E-06
  0.1183E+03  0.3058E-05  0.1969E-06
  0.1201E+03  0.2897E-05  0.1988E-06
  0.1218E+03  0.2743E-05  0.2000E-06
  0.1235E+03  0.2596E-05  0.2006E-06
  0.1253E+03  0.2455E-05  0.2004E-06
  0.1270E+03  0.2320E-05  0.1994E-06
  0.1288E+03  0.2188E-05  0.1974E-06
  0.1305E+03  0.2059E-05  0.1944E-06
  0.1322E+03  0.1932E-05  0.1903E-06
  0.1340E+03  0.1805E-05  0.1852E-06
  0.1357E+03  0.1679E-05  0.1788E-06
  0.1375E+03  0.1552E-05  0.1714E-06
  0.1392E+03  0.1423E-05  0.1627E-06
  0.1409E+03  0.1293E-05  0.1529E-06
  0.1427E+03  0.1160E-05  0.1419E-06
  0.1444E+03  0.1024E-05  0.1296E-06
  0.1462E+03  0.8860E-06  0.1160E-06
  0.1479E+03  0.7450E-06  0.1009E-06
  0.1496E+03  0.6012E-06  0.8430E-07
  0.1514E+03  0.4546E-06  0.6596E-07
  0.1531E+03  0.3056E-06  0.4585E-07
  0.1549E+03  0.1540E-06  0.2387E-07
  0.1566E+03  0.0000E+00  0.0000E+00
          Reciprocal space: Rg =   45.87     , I(0) =   0.1533E-01
     Real space: Rg =   46.14 +- 0.425  I(0) =   0.1533E-01 +-  0.1311E-03
